
----------  2023-12-14 13:05:48.244556 +0300 MSK  ----------

Cycles: 9
Last cycles: 24
Alive: 10
Last alive: 4


{BMSTU's {197 68 130 255} 110 [0x14000357cc0] [5 80 6 6 10 32 41 14 10 50 1 9 2 5 13 32 31 2 4 50 60 5 51 31 1 32 32 70 90 31 41 41 51 5 61 40 31 61 13 60] 446}
{Sosiska228 {33 193 114 255} 110 [0x14000357ce0] [5 2 7 6 14 32 41 14 10 50 1 9 2 5 13 32 0 2 7 8 60 70 80 31 1 12 13 70 90 11 9 41 8 7 61 40 3 61 31 60] 444}
{Fortniters {158 167 155 255} 110 [0x14000357d00] [0 80 6 1 10 32 41 14 10 50 1 9 2 5 13 32 0 12 7 50 60 5 51 31 1 32 32 70 90 31 9 41 8 3 61 40 31 51 13 60] 446}
{Animals {241 219 227 255} 110 [0x14000357d20] [5 2 7 6 40 32 41 14 10 31 1 9 2 5 13 32 0 2 7 3 60 70 11 30 1 32 13 70 90 31 9 41 21 7 20 40 3 61 13 60] 444}
{Wolves {188 228 88 255} 110 [0x14000357d40] [5 80 6 6 10 32 41 14 10 50 1 9 2 5 13 32 61 2 4 50 60 5 51 31 1 32 32 70 90 31 9 41 21 5 61 40 31 61 13 60] 445}
{EpicGamers {185 187 51 255} 110 [0x14000357d60] [5 2 7 6 10 32 41 14 10 50 1 9 2 5 70 32 0 2 7 3 60 70 80 31 1 12 13 70 90 11 9 41 8 7 61 40 3 61 31 60] 443}
{Killers {181 220 112 255} 110 [0x14000357d80] [5 80 6 1 10 32 41 14 10 50 1 9 2 5 13 32 0 12 7 50 60 5 22 31 1 32 32 70 90 31 9 41 8 3 61 40 31 61 13 60] 445}
{Coca-Cola's {71 152 94 255} 110 [0x14000357da0] [5 2 7 6 40 32 41 14 10 31 1 9 2 5 13 32 0 2 7 3 60 70 80 31 1 32 13 70 90 31 9 1 21 7 20 40 3 61 13 60] 443}
{Firemen {138 228 94 255} 110 [0x14000357dc0] [5 80 6 6 10 32 41 14 10 50 1 9 2 5 13 32 61 2 4 50 60 5 51 31 1 32 32 70 90 31 9 41 51 5 61 40 31 61 13 60] 444}
{iPeople {56 249 68 255} 110 [0x14000357de0] [5 2 7 6 10 32 41 14 10 50 1 9 2 5 13 32 0 2 7 3 60 70 80 31 1 12 13 70 90 11 9 41 8 7 61 40 3 61 31 60] 442}

----------  2023-12-14 13:06:36.792411 +0300 MSK  ----------

Cycles: 16
Last cycles: 24
Alive: 10
Last alive: 4


{Sosiska228 {248 131 239 255} 40 [0x14000158080] [12 12 12 12 12 12 12 12 12 12 22 12 12 12 41 12 12 12 12 12 12 12 12 12 12 11 12 12 12 12 12 12 12 12 12 12 12 12 12 3] 4}
{Snowmen {198 58 131 255} 40 [0x140001580a0] [12 12 12 12 12 12 12 12 12 8 12 12 12 12 12 12 12 12 6 12 12 12 12 12 12 12 12 12 12 12 5 12 12 12 12 12 12 12 40 12] 4}
{Balls {7 229 183 255} 40 [0x140001580c0] [12 12 12 12 12 12 12 12 8 12 3 12 12 12 12 12 12 12 12 12 12 12 12 12 12 12 12 12 12 12 12 12 12 12 12 50 12 30 12 12] 4}
{Robots {211 16 222 255} 40 [0x140001580e0] [12 12 12 13 12 12 12 12 12 51 12 12 12 12 12 12 12 12 12 12 12 30 12 12 12 9 12 12 12 12 12 12 12 12 12 12 12 12 12 12] 4}
{KuniLovers {236 71 129 255} 40 [0x14000158100 0x14000158040 0x1400030c320 0x14000268b00] [12 12 61 12 12 12 12 12 12 12 22 12 12 12 12 12 12 12 12 12 12 12 12 12 12 12 12 12 12 12 12 12 12 12 12 12 12 12 12 3] 3}
{Slaves {47 151 18 255} 40 [0x14000158120] [12 12 12 12 12 12 12 12 12 12 12 12 12 12 12 12 12 12 6 12 12 12 12 12 12 12 12 12 12 12 12 12 12 12 12 12 12 12 0 12] 3}
{Firemen {71 25 151 255} 40 [0x14000158140] [12 12 12 12 12 12 12 12 12 12 12 12 12 12 12 12 12 12 12 12 12 12 12 12 12 12 12 12 12 12 12 12 12 12 12 50 12 30 12 9] 3}
{Animals {15 128 102 255} 40 [0x14000158160] [12 12 12 13 12 12 12 12 12 7 12 12 12 12 12 12 12 12 12 12 12 12 12 12 12 12 12 12 12 12 12 12 12 12 12 12 12 12 12 12] 3}
{Killers {71 115 215 255} 40 [0x14000158180] [12 12 12 12 12 12 12 12 12 12 22 12 12 12 12 12 12 12 12 12 12 12 12 12 12 12 12 12 12 12 12 12 12 12 12 12 12 12 12 3] 2}
{DarkSouls {67 93 126 255} 40 [0x140001581a0] [12 12 12 12 12 12 12 12 12 12 12 12 12 12 12 12 12 12 6 12 12 12 12 12 12 12 12 12 12 12 12 12 12 12 12 12 12 12 40 12] 2}

----------  2023-12-14 13:13:08.859665 +0300 MSK  ----------

Cycles: 12
Last cycles: 43
Alive: 20
Last alive: 4


{Sosiska228 {48 245 226 255} 140 [0x14000596bc0] [22 11 12 60 12 12 12 41 70 5 12 60 12 12 12 22 12 12 12 5 12 12 0 70 12 21 6 31 5 12 20 12 50 20 12 21 21 12 0 12 12 12 41 9 12 12 21 14 12 60 31 80 12 12 3 12 31 12 2 12 12 61 12 12 20 22 3 50 1 12] 60}
{Killers {14 6 108 255} 140 [0x14000596be0] [12 8 60 60 40 22 2 12 12 14 14 31 12 80 51 12 12 9 12 0 12 12 5 50 41 51 12 4 12 8 12 30 90 20 12 10 12 4 2 11 70 20 12 12 21 12 12 8 20 12 0 40 12 7 12 22 12 51 12 80 12 14 12 30 4 12 12 12 11 12] 60}
{EpicGamers {164 46 208 255} 140 [0x14000596c00] [80 12 14 4 12 20 8 70 70 12 5 12 12 50 70 12 41 12 3 12 12 10 12 12 10 1 12 32 5 14 4 12 11 6 12 12 11 12 12 22 51 51 40 12 31 41 12 12 12 7 5 3 14 12 12 80 12 1 12 12 12 12 12 90 30 3 12 10 1 13] 62}
{Coca-Cola's {224 158 242 255} 140 [0x14000596c20] [22 11 12 4 12 12 12 41 70 5 61 60 12 12 12 22 12 12 12 5 12 12 0 70 12 21 6 12 5 12 20 50 50 20 12 21 21 12 0 12 12 12 41 9 12 90 21 5 12 60 31 80 12 12 3 12 31 12 2 5 12 7 12 12 20 22 5 50 1 12] 59}
{Wolves {3 253 199 255} 140 [0x14000596c40] [22 11 12 60 12 12 12 41 70 5 12 60 12 12 4 22 12 12 12 5 12 12 0 70 12 21 6 32 5 12 20 12 50 20 12 21 21 12 0 12 12 12 41 9 12 12 21 5 12 60 31 80 12 12 3 12 31 12 2 12 12 61 12 12 20 22 3 50 1 12] 59}
{iPeople {205 131 180 255} 140 [0x14000596c60] [12 8 60 0 40 22 2 12 12 14 14 31 12 80 51 12 12 9 12 0 12 12 5 50 41 51 12 4 12 8 12 21 90 20 12 10 12 4 2 11 70 20 12 12 21 12 12 8 20 12 0 40 12 7 12 22 12 51 12 80 12 14 12 30 4 12 12 12 12 12] 59}
{Snowmen {181 101 255 255} 140 [0x14000596c80] [80 12 14 4 12 20 8 70 70 12 70 12 12 50 70 12 41 12 3 12 12 10 12 12 10 1 12 32 5 14 4 12 11 6 12 12 11 12 12 22 51 51 40 12 31 51 12 12 12 7 4 3 14 12 12 80 12 1 12 12 12 12 12 90 30 3 12 10 1 13] 61}
{BMSTU's {187 206 235 255} 140 [0x14000596ca0] [22 11 12 4 12 12 12 41 70 5 12 60 12 12 12 22 12 12 12 5 12 12 0 70 12 21 6 12 5 12 20 12 50 20 12 21 21 12 0 12 12 12 41 9 12 90 21 5 12 60 31 80 12 12 3 12 31 7 2 5 12 7 12 12 20 22 5 50 1 12] 58}
{Dreams {126 218 99 255} 140 [0x14000596cc0] [22 11 12 60 12 12 12 41 70 5 12 60 12 12 12 22 12 12 12 5 12 12 0 70 12 21 6 32 5 12 20 12 50 20 12 21 21 12 0 12 12 12 41 9 12 12 21 5 12 60 31 80 12 12 3 12 31 12 2 12 12 61 12 12 20 22 3 50 1 12] 58}
{Bakers {134 225 80 255} 140 [0x14000596ce0] [12 8 60 0 40 22 2 12 12 14 14 31 12 80 51 12 12 9 12 0 12 12 5 50 41 51 12 4 12 8 12 30 90 20 12 10 12 4 2 11 70 20 12 12 21 12 12 8 20 12 0 40 12 7 12 22 12 51 12 80 12 14 12 30 4 12 12 12 12 12] 58}
{Slaves {120 29 215 255} 140 [0x14000596d00] [80 12 14 4 12 20 8 70 70 12 5 12 12 50 70 12 41 12 3 12 12 10 12 12 10 1 12 32 5 14 4 12 11 6 12 12 11 12 12 22 51 51 40 12 31 51 12 12 12 7 4 3 14 12 12 80 12 1 12 12 12 12 12 90 30 3 12 10 1 13] 60}
{Robots {178 58 64 255} 140 [0x14000596d20] [22 11 12 4 12 12 12 41 70 5 12 60 12 12 12 22 12 12 12 5 12 12 0 70 12 21 6 12 5 12 20 12 50 20 12 21 21 12 0 12 12 12 41 9 12 90 21 5 12 60 31 80 12 12 3 12 31 12 2 5 12 7 12 12 20 22 5 50 1 12] 57}
{Firemen {2 208 243 255} 140 [0x14000596d40] [22 11 12 60 12 12 12 41 70 5 12 60 12 12 12 22 12 12 12 5 12 12 0 70 12 21 6 32 5 12 20 12 50 20 12 21 21 12 0 12 12 12 41 9 12 12 21 5 12 60 31 80 12 12 3 12 31 12 2 12 12 61 12 12 20 22 3 50 1 12] 58}
{DarkSouls {88 88 249 255} 140 [0x14000596d60] [12 8 60 0 40 22 2 12 12 14 14 31 12 80 51 12 12 9 12 0 12 12 5 50 41 51 12 4 12 8 12 30 90 20 12 10 12 4 2 11 70 20 12 12 21 12 12 8 20 12 0 40 12 7 12 22 12 51 12 80 12 14 12 30 4 12 12 12 12 12] 58}
{autogenerated_48294 {237 207 236 255} 140 [0x14000596d80] [80 12 14 4 12 20 8 70 70 12 5 12 12 50 70 12 41 12 3 12 12 10 12 12 10 1 12 32 5 14 4 12 11 6 12 12 11 12 12 22 51 51 40 12 31 51 12 12 12 7 4 3 14 12 12 80 12 1 12 12 12 12 12 90 30 3 12 10 1 13] 60}
{Animals {179 158 176 255} 140 [0x14000596da0] [22 11 12 4 12 12 12 41 70 5 12 60 12 12 12 22 12 12 12 5 12 12 0 70 12 21 6 12 5 12 20 12 50 20 12 21 21 12 0 12 12 12 41 9 12 90 21 5 12 60 31 80 12 12 3 12 31 12 2 5 12 7 12 12 20 22 5 50 1 12] 57}
{Balls {154 145 160 255} 140 [0x14000596dc0] [22 11 12 60 12 12 12 41 70 5 12 60 12 12 12 22 12 12 12 5 12 12 0 70 12 21 6 32 5 12 20 12 50 20 12 21 21 12 0 12 12 12 41 9 12 12 21 5 12 60 31 80 12 12 3 12 31 12 2 12 12 61 12 12 20 22 3 50 1 12] 58}
{Lions {25 80 184 255} 140 [0x14000596de0] [12 8 60 0 40 22 2 12 12 14 14 31 12 80 51 12 12 9 12 0 12 12 5 50 41 51 12 4 12 8 12 30 90 20 12 10 12 4 2 11 70 20 12 12 21 12 12 8 20 12 0 40 12 7 12 22 12 51 12 80 12 14 12 30 4 12 12 12 12 12] 58}
{Fortniters {18 187 224 255} 140 [0x14000596e00] [80 12 14 4 12 20 8 70 70 12 5 12 12 50 70 12 41 12 3 12 12 10 12 12 10 1 12 32 5 14 4 12 11 6 12 12 11 12 12 22 51 51 40 12 31 51 12 12 12 7 4 3 14 12 12 80 12 1 12 12 12 12 12 90 30 3 12 10 1 13] 60}
{KuniLovers {136 204 221 255} 140 [0x14000596e20] [22 11 12 4 12 12 12 41 70 5 12 60 12 12 12 22 12 12 12 5 12 12 0 70 12 21 6 12 5 12 20 12 50 20 12 21 21 12 0 12 12 12 41 9 12 90 21 5 12 60 31 80 12 12 3 12 31 12 2 5 12 7 12 12 20 22 5 50 1 12] 57}

----------  2023-12-14 13:28:05.984551 +0300 MSK  ----------

Cycles: 297
Last cycles: 43
Alive: 8
Last alive: 4


{KuniLovers {128 219 147 255} 1 [0x14000107b40] [12 12 12 12 12 12 12 12 12 2 31 3 31 12 51 12 12 12 12 12 41 12 12 12 12 12 9 21 12 12 30 12 12 12 12 12 12 12 22 12 12 14 30 12 12 12 12 12 12 12 12 12 12 12 4 12 13 12 12 1 12 12 12 12 12 12 12 61 12 50] 17}
{Bakers {77 54 34 255} 1 [0x14000107b60] [12 12 12 12 12 51 12 12 12 12 31 3 5 12 51 12 12 12 12 12 41 12 12 12 40 1 12 21 80 12 30 12 12 12 12 12 12 12 12 12 12 12 30 12 12 12 12 12 12 12 12 12 12 12 4 12 13 12 12 12 12 12 12 12 12 50 12 61 12 50] 18}
{Robots {139 50 85 255} 1 [0x14000107b80] [12 12 12 12 12 12 12 12 12 2 31 3 31 22 51 12 12 12 12 12 41 12 0 12 12 12 12 21 12 12 30 12 12 12 12 12 12 12 12 12 12 12 30 12 12 12 12 12 12 12 12 13 12 12 4 12 13 12 12 12 12 12 12 12 12 12 12 61 12 50] 16}
{Snowmen {85 251 16 255} 1 [0x14000107ba0] [12 12 12 12 12 12 12 12 12 2 31 3 31 12 51 12 12 11 12 12 41 12 12 12 12 12 12 21 12 12 30 12 12 12 12 12 12 51 12 12 12 1 30 12 12 12 12 12 12 12 12 12 12 12 4 12 13 12 12 12 12 12 12 12 12 12 12 61 12 50] 16}
{Killers {37 222 158 255} 1 [0x14000107be0] [12 12 12 12 12 51 12 12 12 12 22 3 31 12 51 12 12 12 12 12 41 12 12 12 40 12 12 21 80 12 30 12 12 12 12 12 12 12 12 12 12 12 30 12 12 12 12 12 12 12 12 12 12 12 4 12 13 12 12 12 12 12 12 12 12 50 12 61 12 50] 17}
{Lions {168 248 158 255} 1 [0x14000107c00] [12 12 12 12 12 12 12 12 12 2 31 3 31 12 51 12 12 12 12 12 41 12 8 12 12 12 12 21 12 12 30 12 12 12 12 12 12 12 12 12 12 12 30 12 12 12 12 12 12 12 12 13 12 12 4 12 13 12 12 12 12 12 12 12 12 12 12 61 12 50] 15}
{Fuckers {200 81 52 255} 1 [0x14000107c20] [12 12 12 12 12 12 12 12 12 2 31 3 31 12 51 12 12 11 12 12 41 12 31 12 12 12 12 21 12 12 30 12 12 12 12 12 12 12 12 12 12 12 30 12 12 12 12 12 12 12 12 12 12 12 4 12 13 12 12 12 12 12 12 12 12 12 12 61 12 50] 15}
{Balls {94 14 139 255} 1 [0x14000107c40] [12 12 12 12 12 12 12 12 12 2 31 3 31 12 51 12 12 12 12 12 41 12 12 12 12 12 9 21 12 12 30 12 12 12 12 12 12 12 22 12 12 12 30 12 12 12 12 12 12 12 12 12 12 12 4 12 13 12 12 12 12 12 12 12 12 12 12 61 12 50] 16}

----------  2023-12-14 13:29:24.165575 +0300 MSK  ----------

Cycles: 270
Last cycles: 43
Alive: 9
Last alive: 1


{Slaves {95 47 142 255} 1 [0x1400047e640] [12 12 12 12 12 12 12 12 51 11 12 12 12 12 12 12 12 12 12 22 12 12 12 12 12 12 12 12 12 12 12 12 12 12 12 12 12 12 12 12 32 12 12 12 12 12 12 12 12 12 12 12 12 9 12 12 12 12 80 12 12 12 12 12 12 5 12 12 12 12] 7}
{KuniLovers {150 95 169 255} 1 [0x1400047e660] [12 12 12 12 12 12 12 12 51 11 12 12 12 12 12 12 12 12 12 22 12 12 12 12 12 12 12 12 12 12 12 12 12 12 12 12 12 12 12 12 5 12 12 12 12 12 12 12 12 12 12 12 12 12 12 12 12 12 80 12 12 12 12 12 12 12 12 12 12 9] 7}
{DarkSouls {177 201 24 255} 1 [0x1400047e6a0] [12 12 12 12 12 12 12 12 51 11 12 12 12 12 12 12 12 12 12 22 12 12 12 12 12 12 12 12 12 12 90 12 12 12 40 12 12 12 12 12 32 12 12 12 12 12 12 12 12 12 12 12 12 12 12 12 12 12 80 12 12 12 12 12 12 12 12 12 12 12] 7}
{Animals {241 18 30 255} 1 [0x1400047e6c0] [12 12 12 12 12 12 12 11 51 11 12 12 12 12 12 12 12 12 12 22 12 12 12 12 12 12 12 12 12 12 41 12 12 12 12 12 12 12 12 12 32 12 12 12 12 12 12 12 12 12 12 12 12 12 12 12 12 12 80 12 12 12 12 12 12 12 12 12 12 12] 7}
{autogenerated_48294 {101 134 177 255} 1 [0x1400047e6e0] [12 12 12 12 12 12 12 12 51 11 12 12 12 12 12 12 12 12 12 22 12 12 12 12 12 12 12 12 12 12 12 12 12 12 12 12 12 12 12 12 32 12 12 12 12 12 12 12 12 12 12 12 12 12 12 12 12 12 80 90 12 12 12 12 12 12 12 12 12 12] 6}
{Fortniters {189 29 204 255} 1 [0x1400047e700] [12 12 12 12 12 12 12 12 51 11 12 12 12 12 12 12 12 12 12 22 12 12 12 12 12 12 12 12 12 12 12 12 12 12 12 11 12 12 12 12 32 12 12 12 12 12 12 12 12 12 12 12 12 12 12 12 12 12 80 12 12 12 12 12 12 12 12 12 12 12] 6}
{Sosiska228 {73 18 164 255} 1 [0x1400047e740] [12 12 12 4 12 12 12 12 51 11 12 12 12 12 12 12 12 12 12 22 12 12 12 12 12 12 12 12 12 12 12 12 12 12 12 12 12 12 12 12 32 12 12 12 12 12 12 12 12 12 12 12 12 12 12 12 12 12 80 12 12 12 12 12 12 12 12 12 12 12] 6}
{Fuckers {200 190 31 255} 1 [0x1400047e760] [12 12 12 12 12 12 12 12 51 11 12 12 12 12 12 12 12 12 12 22 12 40 12 12 12 12 12 12 12 12 12 12 12 12 12 12 12 12 12 12 32 12 12 12 12 12 12 12 12 12 12 12 12 12 12 12 12 12 80 12 12 12 12 12 12 12 12 12 12 12] 6}
{BMSTU's {219 2 84 255} 1 [0x1400047e780] [12 12 12 12 12 12 12 12 51 11 12 12 12 12 12 12 12 12 2 22 12 12 12 12 12 12 12 12 12 12 12 12 12 12 12 12 12 12 12 12 32 12 12 12 12 12 12 12 12 12 12 12 12 12 12 12 12 12 80 12 12 12 12 12 12 12 12 12 12 12] 6}

----------  2023-12-14 13:30:49.160888 +0300 MSK  ----------

Cycles: 7660
Last cycles: 6311
Alive: 7
Last alive: 5


{Balls {141 199 110 255} -7641 [0x14000332320] [12 13 12 12 12 40 60 12 22 12 31 2 12 12 21 12 12 12 12 12 12 70 11 12 12 0 12 12 12 7 32 2 7 12 11 51 7 12 12 12 12 12 12 12 12 3 12 12 12 51 12 12 12 12 31 12 12 14 12 2 12 12 12 12 50 12 40 12 9 6] 32}
{Dreams {67 164 193 255} -7641 [0x14000332340] [12 13 12 12 12 40 4 12 12 12 5 2 12 12 12 12 12 12 90 12 12 12 12 6 12 12 12 12 13 7 70 2 30 12 11 51 1 12 12 12 12 12 12 12 12 3 12 12 12 51 12 12 12 12 12 12 12 14 11 3 12 12 12 13 1 12 40 12 41 12] 30}
{KuniLovers {133 225 209 255} -7641 [0x14000332360] [12 13 12 12 12 40 4 12 12 12 5 2 12 12 12 3 12 12 90 12 12 12 12 6 12 12 12 12 13 7 70 14 7 12 11 51 1 12 12 12 12 12 12 12 12 3 12 12 12 51 12 12 50 12 12 12 12 14 12 3 12 12 12 12 50 12 40 12 41 12] 29}
{iPeople {148 86 252 255} -7641 [0x14000332380] [12 13 12 12 12 40 60 12 22 12 31 2 12 12 12 12 12 12 12 12 12 2 11 12 12 0 12 0 12 7 32 2 7 12 11 51 7 12 12 12 12 12 12 12 12 3 12 12 12 51 12 12 12 12 12 12 12 14 12 3 12 12 12 12 50 21 40 12 12 9] 30}
{autogenerated_48294 {196 82 209 255} -7641 [0x140003323c0] [12 13 12 12 12 40 60 12 22 12 31 2 12 12 21 12 12 12 12 12 12 70 11 12 12 0 12 12 12 7 32 2 7 12 11 51 7 12 12 12 12 12 12 12 12 3 12 12 12 51 12 12 12 12 31 12 12 14 12 3 12 12 12 12 50 12 40 12 4 2] 31}
{Robots {240 156 124 255} -7641 [0x140003323e0] [12 13 12 12 12 40 4 12 12 12 5 2 12 12 12 12 12 12 90 12 12 12 12 6 12 12 12 12 13 7 70 2 30 12 11 51 1 12 12 12 12 12 12 12 12 3 12 12 12 51 12 12 12 12 12 12 12 14 11 3 12 12 12 12 50 12 40 12 41 12] 29}
{Sosiska228 {251 239 190 255} -7641 [0x14000332400] [12 13 12 12 12 40 4 12 12 12 5 2 12 12 12 3 12 12 90 12 12 12 12 6 12 12 12 12 13 7 70 2 7 12 41 51 1 12 12 12 12 12 12 12 12 3 12 12 12 51 12 12 12 12 12 12 12 14 12 3 12 12 12 12 50 12 40 12 41 12] 28}

----------  2023-12-14 13:38:37.967073 +0300 MSK  ----------

Cycles: 7660
Last cycles: 5171
Alive: 6
Last alive: 5


{Sosiska228 {252 174 128 255} -7641 [0x140003652a0] [12 12 11 11 51 90 12 12 3 12 6 12 11 12 12 2 12 5 12 12 3 40 12 12 4 31 12 12 12 32 30 12 12 8 70 2 12 12 12 3 4 12 12 12 7 12 12 90 12 12 12 12 11 12 12 31 12 12 90 12 51 5 12 12 9 7 12 12 12 10] 43}
{Fuckers {200 181 4 255} -7641 [0x140003652e0] [12 12 11 11 51 90 12 21 3 12 6 31 12 12 12 2 12 5 12 12 12 40 12 12 7 31 12 12 12 32 30 12 12 8 70 2 12 12 12 3 4 12 12 12 7 12 12 90 12 12 12 12 11 12 12 31 12 12 3 12 12 90 12 12 9 7 12 12 12 12] 42}
{Killers {236 187 108 255} -7641 [0x14000365300] [12 12 11 11 51 90 12 12 3 12 6 12 11 12 12 2 12 5 12 12 12 40 12 12 4 11 12 12 12 32 30 12 12 8 70 2 7 7 12 3 4 12 12 12 7 12 12 90 12 12 12 12 11 12 12 31 12 12 90 12 51 12 12 12 9 7 12 12 12 12] 42}
{Firemen {63 67 161 255} -7641 [0x14000365340] [12 12 11 11 51 90 12 12 3 12 6 12 11 12 12 2 12 5 12 12 3 40 12 4 4 31 12 12 12 32 30 12 12 8 70 2 12 12 12 3 4 12 12 12 7 12 12 90 12 12 12 12 11 12 12 31 12 12 90 12 51 12 12 12 9 7 12 12 12 10] 42}
{Snowmen {205 3 6 255} -7641 [0x140003653a0] [12 12 11 11 51 90 12 12 3 12 6 12 11 12 12 2 12 5 12 12 12 40 12 12 4 31 12 12 12 32 30 12 12 8 70 2 7 12 12 3 4 12 12 12 7 12 12 90 12 12 60 12 11 12 12 31 12 12 90 12 51 12 12 12 9 7 12 12 12 12] 41}
{iPeople {43 227 176 255} -7641 [0x140003653c0] [12 12 11 11 51 90 12 12 3 12 6 31 12 12 12 2 12 5 12 12 12 40 20 12 4 31 12 12 12 32 12 12 12 8 70 2 12 12 12 3 4 12 12 12 7 12 12 90 12 12 12 12 11 12 12 31 12 12 90 12 12 12 12 12 9 7 12 12 12 12] 40}

----------  2023-12-14 14:45:36.954318 +0300 MSK  ----------

Cycles: 98
Last cycles: 235
Alive: 7
Last alive: 1


{Bakers {248 228 123 255} 136 [0x140002e4ac0] [12 61 80 80 2 90 21 90 11 41 60 41 8 61 40 6 13 61 51 20 13 1 1 31 13 61 31 8 9 13 9 31 2 80 31 32 32 2 1 13 10 32 22 32 40 11 10 51 70 4 10 50 9 51 31 61 7 80 13 14 3 32 50 4 31 1 0 8 7 2] 1593}
{Lions {40 178 157 255} 136 [0x140002e4b60] [12 61 80 80 2 90 21 90 11 41 60 41 8 61 40 6 13 61 51 20 13 1 1 31 13 61 31 12 9 13 9 31 2 80 31 32 32 2 61 13 10 32 22 32 40 11 10 51 70 4 10 50 9 51 31 61 7 80 13 14 31 32 50 4 31 1 0 3 7 2] 1593}
{KuniLovers {170 200 82 255} 136 [0x140002e4bc0] [12 61 80 80 2 90 21 90 11 41 60 41 8 61 40 6 13 61 51 20 13 1 1 31 13 61 31 12 9 13 9 31 2 80 31 32 32 2 61 13 10 32 22 32 40 11 10 51 70 4 10 50 31 51 31 61 7 80 13 14 3 32 50 4 31 1 0 8 7 60] 1593}
{Snowmen {111 141 217 255} 136 [0x140002e4c40] [12 61 80 80 2 90 21 90 11 41 60 41 8 61 40 6 13 61 51 20 13 1 1 31 13 9 31 12 9 13 9 31 2 80 31 32 32 2 61 13 10 32 22 32 40 11 10 51 70 4 10 50 9 51 31 61 7 80 13 14 3 32 50 4 31 1 0 8 7 2] 1592}
{BMSTU's {13 136 47 255} 136 [0x140002e4ce0] [12 61 80 80 2 90 21 90 11 41 60 41 8 61 40 6 13 61 51 20 13 1 1 31 13 61 31 12 9 13 9 31 2 80 31 32 32 2 61 13 10 32 22 32 40 11 10 51 70 4 10 50 9 51 31 61 7 80 1 14 3 32 50 4 31 1 0 8 7 2] 1592}
{iPeople {124 79 163 255} 136 [0x140002e4d40] [12 61 80 80 2 90 21 90 11 41 60 41 8 61 40 6 13 61 51 20 13 1 1 31 13 61 31 12 9 13 9 31 2 80 31 32 32 2 61 13 10 32 22 32 40 11 10 51 70 4 10 50 9 51 31 61 7 80 13 14 3 32 50 4 31 1 0 8 7 2] 1592}
{EpicGamers {102 63 235 255} 136 [0x140002e4da0] [12 61 80 80 2 2 21 90 11 41 60 41 8 61 40 6 13 61 51 20 13 1 1 31 13 61 31 12 9 13 9 31 2 80 31 32 32 2 61 13 10 32 22 32 40 11 10 51 70 4 10 50 9 51 31 61 7 80 13 14 3 32 50 4 31 1 0 8 7 2] 1592}

----------  2023-12-14 14:48:08.419063 +0300 MSK  ----------

Cycles: 33
Last cycles: 96
Alive: 9
Last alive: 5


{Sosiska228 {23 11 79 255} 22 [0x140143a6a00 0x1401728b6e0] [6 31 30 31 51 11 12 2 3 61 22 31 2 20 11 3 6 51 22 3 14 4 4 50 2 41 5 13 10 30 13 31 40 5 40 0 3 60 41 4 2 12 60 60 11 70 60 5 8 3 40 0 9 90 70 30 10 70 30 60 2 70 32 13 32 8 51 20 80 12] 560}
{Fortniters {183 118 119 255} 58 [0x140000c68c0] [6 31 30 21 1 11 12 11 3 61 22 31 2 20 11 9 6 51 80 3 14 4 4 50 2 80 5 13 10 30 13 31 40 5 40 0 3 60 41 4 2 12 60 60 40 11 9 5 8 20 40 12 6 90 70 30 10 70 21 60 2 70 60 13 32 8 51 20 60 12] 562}
{Killers {241 76 127 255} 62 [0x1401728b420] [6 31 30 31 1 11 12 2 2 61 22 31 2 20 11 9 6 51 22 3 14 4 4 50 2 41 5 13 4 30 13 31 40 5 40 12 5 60 4 4 2 12 0 60 11 70 60 5 8 3 40 0 9 90 70 30 10 70 30 60 2 70 32 13 32 8 51 20 60 12] 562}
{Fuckers {178 173 29 255} 62 [0x1401728b4a0] [6 31 30 21 31 11 12 2 22 61 22 31 2 20 11 9 6 90 80 3 14 4 4 50 2 41 5 13 10 30 13 31 40 9 6 0 3 60 41 4 3 12 60 21 11 70 60 5 8 3 40 0 14 90 70 30 9 70 30 60 2 70 32 13 32 8 51 20 60 12] 562}
{Balls {186 185 91 255} 62 [0x1401728b500] [6 31 30 31 51 11 12 2 3 61 32 31 2 20 11 9 6 51 22 3 14 4 4 50 2 41 5 13 10 30 13 31 40 5 40 0 3 60 41 4 2 12 60 60 11 70 60 5 40 3 40 0 9 90 70 30 10 70 30 60 2 70 32 13 32 8 51 20 80 12] 561}
{Slaves {113 100 194 255} 62 [0x1401728b560] [6 31 30 31 1 11 12 2 2 61 22 31 2 20 11 9 6 51 22 3 14 4 4 50 2 41 5 13 10 30 13 31 40 5 40 12 3 60 41 4 2 12 60 60 11 70 60 5 8 80 40 0 9 90 8 30 10 70 9 60 2 70 32 13 32 8 51 20 60 12] 561}
{Coca-Cola's {102 46 182 255} 62 [0x1401728b5c0] [6 31 30 31 1 11 12 2 2 61 22 31 2 20 11 9 6 51 22 3 14 4 4 50 2 41 5 13 4 30 13 31 40 5 40 12 3 60 41 4 2 12 0 60 11 70 60 5 8 3 40 0 9 90 70 30 10 70 30 60 2 70 32 13 0 8 51 20 60 12] 561}
{Firemen {74 48 208 255} 62 [0x1401728b620] [6 31 30 21 1 11 12 2 3 61 51 31 2 20 11 9 6 51 80 3 14 4 4 50 2 80 5 13 10 30 13 31 40 5 40 0 3 60 41 4 2 12 60 60 40 11 9 5 8 20 40 12 6 90 70 30 10 70 30 60 2 70 60 13 32 8 51 20 60 12] 561}
{Robots {181 223 65 255} 62 [0x1401728b680] [6 31 11 21 31 11 12 2 22 61 22 31 2 20 11 9 6 90 80 3 14 4 4 50 2 41 5 13 10 30 13 31 40 9 40 0 3 60 41 4 3 12 60 21 11 70 60 5 8 3 40 0 14 90 70 30 61 70 30 60 2 70 32 13 32 8 51 20 60 12] 561}

----------  2023-12-14 14:52:02.215312 +0300 MSK  ----------

Cycles: 9
Last cycles: 96
Alive: 10
Last alive: 5


{EpicGamers {239 117 182 255} 55 [0x1400013b240] [12 8 12 40 90 20 32 41 5 5 21 1 6 90 3 2 0 6 9 6 31 50 7 32 31 80 50 1 60 1 12 90 12 40 11 3 12 6 60 31 90 12 8 11 12 41 70 9 12 9 9 60 4 12 2 22 7 12 5 8 10 11 90 13 2 2 40 40 20 30] 123}
{KuniLovers {107 175 119 255} 79 [0x140004519a0] [12 8 12 40 90 20 32 41 5 5 21 1 6 90 61 2 0 6 9 6 31 50 7 32 31 80 50 1 60 1 12 32 12 40 11 3 12 6 60 31 90 12 8 11 12 41 70 9 12 9 9 60 4 12 2 22 7 12 5 8 10 11 90 13 2 2 40 40 20 30] 123}
{Sosiska228 {29 185 37 255} 79 [0x140004519c0] [12 8 12 40 90 20 32 41 5 5 21 1 6 90 61 2 0 6 9 6 31 50 7 32 31 80 50 1 60 1 12 90 12 40 11 3 12 6 60 31 90 12 8 11 12 41 70 9 12 9 9 60 4 12 2 22 7 12 5 8 10 11 90 13 2 2 40 40 20 30] 122}
{Animals {181 209 136 255} 135 [0x140000c1cc0] [12 8 12 40 90 20 32 41 5 5 21 1 6 90 61 2 0 6 9 6 31 50 7 32 31 80 50 1 60 1 6 90 12 40 11 3 12 6 60 31 90 12 8 11 12 41 70 9 12 9 9 60 4 12 2 22 7 12 5 8 10 11 90 13 2 2 40 40 51 30] 124}
{BMSTU's {224 142 195 255} 86 [0x1400013b980] [12 8 12 40 90 20 32 41 5 5 21 1 6 90 61 2 31 6 9 6 31 50 7 32 31 80 50 1 60 1 12 90 12 40 11 3 12 6 90 31 90 12 8 11 12 41 70 9 12 9 9 60 4 12 2 22 7 12 5 8 10 11 90 13 2 2 40 40 20 30] 124}
{DarkSouls {23 96 239 255} 86 [0x1400013b9e0] [12 8 12 40 90 20 32 41 5 5 21 1 6 90 61 2 0 6 9 6 31 50 7 32 31 80 50 1 60 1 12 90 12 40 11 3 0 6 60 31 90 12 8 11 12 41 70 10 12 9 9 60 4 12 2 22 7 12 5 8 10 11 90 13 2 2 40 40 20 30] 124}
{Coca-Cola's {187 37 117 255} 86 [0x1400013ba40] [12 8 12 40 90 20 32 41 5 5 21 1 6 90 61 2 0 6 12 6 31 50 7 32 31 80 50 1 60 1 12 32 12 40 11 3 12 6 60 31 90 12 8 11 12 41 70 9 12 9 9 60 4 12 2 22 7 12 5 8 10 11 90 13 2 2 40 40 20 30] 124}
{iPeople {145 20 129 255} 86 [0x1400013baa0] [12 8 12 40 90 20 32 41 5 5 21 1 6 90 61 2 0 6 9 6 31 50 7 32 31 80 50 1 60 1 12 90 12 40 11 3 12 6 60 31 90 12 8 11 12 41 70 9 12 9 9 60 4 12 2 22 7 12 5 8 10 11 90 13 2 2 40 40 51 30] 123}
{Bakers {32 98 107 255} 86 [0x1400013bb00] [12 8 12 40 90 20 32 41 5 5 21 1 6 90 61 2 0 6 9 6 31 50 7 32 31 80 50 1 60 1 12 90 12 40 11 3 12 6 90 31 90 12 8 11 12 41 70 9 12 9 9 60 4 12 2 22 7 12 5 8 10 11 90 13 2 2 40 40 20 30] 123}
{Robots {87 227 126 255} 86 [0x1400013bb60] [12 8 12 40 90 20 32 41 5 5 21 1 6 90 61 2 0 6 9 6 31 50 7 32 31 80 50 1 60 1 12 90 12 40 11 3 12 6 60 31 90 12 8 11 12 41 70 10 12 9 9 60 4 12 2 22 7 12 5 8 10 11 90 13 2 2 40 40 20 30] 123}
